085710842413
085750337113
085691391034
085823588720
085738807440
085811509884
085860250642
085769808634
085884186284
085642263149
085609508986
085821287584
085796706392
085652066092
085718294561
085759876733
085798761912
085756657297
085794745847
085720747673
085891803132
085692561549
085757643956
085778916347
085606237310
085659496196
085793582019
085724130075
085813032026
085736409270
085757833470
085717389684
085814361283
085710497866
085750110730
085846738001
085715739239
085770715960
085845620928
085811679332
085869476960
085861110733
085669641142
085893484904
085820979376
085709912966
085767500813
085846250201
085780784596
085718751927
085795410835
085719546437
085691910121
085820947503
085742145054
081573558581
085817322586
085770926722
081529771407
085720796483
085735931920
085603080590
085798845719
085716167607
081400879650
085828252683
085753629002
085860716159
085846151334
085885957042
085717485531
085756126812
085711050204
085711510588
085771152950
081527463413
085609882423
085603486330
085725264150
085817887927
085697113336
085716365129
081527834425
085657454042
085545066781
085798540353
085794481312
085773604516
085792120388
085719275689
085820222385
085658375406
085754060046
085603206214
085797985541
085860427092
085777134861
085880670195
085709754915
085545225591
085835300661
085624435589
085785808193
085784251492
085784416659
085860048519
085819086475
085765611675
085748888895
085815646710
085647254531
085854209432
085693494740
085756357165
085882788569
085775565773
081564778441
085643145836
085693210134
081515176008
085822383449
085755810795
085808855908
085716054447
085642325253
085701630136
085718836338
085892924442
085817667469
085775197776
081617889755
085811084586
085809296781
085742203865
085819518114
085747806035
085604032796
085777899174
085817339918
085817282253
085694878292
085848267046
085727807101
085655863793
085642532051
085760794997
085646516859
085777530846
085693396325
085869901106
085703133935
085702559864
085776970193
081615182977
085864715696
085826625004
085805169117
085607232948
085811163196
085780624434
081617802224
085759224996
085778415202
085710929291
085749677599
08568051014
085788937824
08581476964
085863889298
081547529010
085880081265
085885248481
085778339593
085694630779
085727219646
085718551851
085817335998
085756177771
085697342265
085607591365
085792896124
085693412940
085648632261
085783849550
085723029635
085717888654
085703031791
085752091743
085870408440
081575911884
085795904221
085645758807
081411019842
085793907497
081546002840
085641426878
085777254964
085770763171
085841730097
081615977351
085782150647
085795855947
085691100697
085827800853
085640408361
085727805777
085603901412
085843729970
085710876561
0856078949
085792105485
081511165515
085835548595
085780321978
081563902381
085871244674
085847655339
085691501181
081529678063
085736801029
085882523984
085710587210
085845714295
08568760634
085707858264
081567786196
085702226885
085788700541
085601575663
085811993590
085876755738
08161455608
085770927343
085774904619
085702431356
085655869660
085652166315
085798525082
085750087063
085788886945
085648234471
081553876712
085707062775
085746928030
08567219537
085641137016
085716984077
085893398278
085700448644
085646402148
085640706037
085718576052
081412132034
085842178645
081575790027
081545402289
085891140964
085731130328
08561486657
085647065322
085775090191
085713102031
085881087994
085664284273
081545550136
085772665137
085746308703
085809079589
085880333750
081568336415
085825065520
085723089030
085782135826
085733253354
085717905546
085714387481
085774197242
085783441402
085601396592
085892965805
085779446531
085731730390
085720686353
085649757883
085879573395
085648780541
081528790752
085880154359
085792919271
081547428759
08586368885
081575786366
085718518679
085712450396
085727333312
085862685720
085866346746
085602455728
085726458404
085701000281
085896256267
085759116744
085890503425
085733424571
085754381699
08589050342
085888356429
085693182182
081558873854
085693586671
085814866826
085888691648
085733352444
085808459061
085774801768
085793737565
081575583537
085860129664
085715867154
085819359093
081515433158
085880398602
085829376481
085702705341
085775510029
081573156191
085853459265
085820275610
085725132818
085640864183
085697639599
085759136297
085786077905
085858816559
085718106228
085808285427
081412457651
085808942088
085775190742
085600852928
085814837018
085775149019
085885955411
085772754421
085849686960
085640458433
085817983233
085794124950
085600975945
085732550005
085813670204
085759412711
085607033759
085733374667
085659477551
085649372099
085720691833
085692454875
081540958405
085774417367
085841985581
085893659157
085839321802
085865160091
085726073451
085694823369
085672454875
085772062899
085668164317
081511696446
085860765378
085792542985
085860121279
085748950428
085791188692
085809408235
085723419908
085795136840
081617515884
085758316535
085714979557
081511129499
085716990668
085892521518
085743066018
081535388950
085814814867
085664892770
085748306700
085765943364
085609079348
085876399233
085850717791
085748471641
085545183672
085642232425
085656961485
085809102319
085815293901
085882529180
085871053577
085876455873
085852886360
085894936988
085797279441
085715243695
085716914084
085893782873
081410791396
085777309991
085772199227
085751816062
081412080977
085749468646
085781300497
085709727850
085896033958
085606606607
085845547440
085701812578
085745137210
085775127824
085787799500
081539459585
085795655922
085866758148
085735906756
085711905732
085738227008
081456142215
085730110592
085710942151
085814442278
081528406572
085811710882
085714779892
085600330814
085742140852
085624742869
085751429854
085885362863
085732659003
085815915168
085872806548
085603798398
085793370777
085884393482
085714099712
085771833244
085850560537
085779247609
085774070400
081585982679
085600677304
085691799939
085710526429
085814383114
085697041346
085742735960
081553774734
085775505216
085800684826
085624546837
081547315492
085759011979
085800206589
085816622120
085878825052
085810679721
085888829403
085780553043
085712396592
085645489611
085716506535
085777632965
081519914293
08561715484
085536957195
085876981831
085780429013
085641127684
085775508755
081545494529
085860934275
085775892903
085781436646
085736494626
085728118578
081542079906
085691917570
085775147359
085723913653
081520343926
085741394089
085885074209
085600113124
085895649470
085694672492
085896050092
085755530244
085878285019
085648007940
08568944905
085746025766
085524924524
085819352568
085774977274
085842789953
085691636970
085792577867
085600644836
085773349560
085775282683
085737498163
085719122812
085714919615
085718684164
085607363618
085817222807
085864559787
085716874968
085604220637
085799229945
085860376443
081410799168
085857688269
085809748906
085772420361
085705290445
08568778964
081400421969
085822740029
085657437721
085691753214
085749675893
085770319925
085649333448
085893213609
08568734822
081519556565
085604171655
081528728637
085523955021
085753217943
085640383066
085664223586
085867439405
085757055118
081524754098
085852329839
085604062256
085692236811
085721669037
085777375939
085713116275
085609096595
085693055073
085648751677
085794172977
085889849628
081573217084
085708909046
085648123379
085624638841
085753128947
085724870071
085846555568
085770192210
085691653116
081545087889
085747073019
085693921426
085845803840
085604493888
085869203804
085729795383
085711311981
085716357860
085718736212
085739547585
085809173590
085809143590
085839153304
085720871193
081548037135
085888874549
085726804629
085783635191
085735408506
081525823451
085781560319
085624233922
085753212647
085715697010
085524638907
081549600985
081514677782
085646569184
085776145669
085813514497
085894053772
085701334830
085775260809
085697389099
081528738477
085770583815
085780028543
085710620400
081517507947
08567964143
085733167815
085704105509
085800218828
085886556515
085817542022
085712199155
085858864745
085697028327
085813676819
085750096671
085646423371
085697207039
085811006294
085714138140
085798742513
085891744245
085704261571
085810171709
085889176229
085846184321
085750050509
085774670189
085771257179
085771552381
085756626916
085756022763
08558370764
085769481749
085788440470
085710093015
085850608543
085798651381
085717592527
081420508148
085779221954
085853525799
085713818220
081539340621
085710590274
085846342159
085817019731
085814942086
085899432558
085883954612
085708263414
085715803751
085738631362
081477099450
08158776236
085711016501
085724768119
085877007197
081400722857
085600564786
085774387051
085693661593
085751814253
085852189853
085883546825
085890911004
081548309699
085798321063
085695855496
085641869972
085779209204
085648601949
085774890620
081514692014
085810012994
085640147406
081529322931
085770387009
085718187903
085701389497
085863478486
081532772243
085721051108
085795651534
085742920370
085813767309
085731793722
085720207044
085710424596
085718754091
085798474328
081555393703
085719784553
085811211114
085696229376
08566320984
085773931260
081555794494
085780094099
085702651176
085809626807
081564637777
085643910354
085707182329
085840205019
085738584183
085654848205
085700649625
085700814259
081617482174
085738157283
085835682725
085708272730
085710252282
085604910638
085739247282
081514413188
085648971915
081586248056
085716386516
085771799170
081573914946
085716653540
085779735139
085711372113
085860206911
08159197681
085727017589
081511751809
085828933356
085604786906
085649877478
085865134446
085691768425
085895810155
085811671130
085608425265
085894392686
08561622360
085821026045
085705222240
085811165110
085717484474
085691068892
085730393129
085705750019
085739212931
081574763437
085643415823
085707442042
085608670500
085713370482
085788540762
085608445489
081617931366
085804152004
085894044909
081517157493
085742672477
08563292257
085723797565
085706547026
085783898748
081541397046
085795819450
085871456718
085646505305
085691257530
085817105096
085811925913
085659529039
085624058029
081539408458
085738883713
085820877774
085787279471
085697295553
08567555161
085864321652
085606974624
085766608718
081510027073
085772388492
085795206773
085821642304
085520772098
085732359362
085721220980
085820821537
085803333420
081400344119
085792452048
085600493966
085696056278
085659016709
085654783236
085704918023
0857336548687
085707490577
081529323728
085787203979
085735953979
085787498644
085852913544
085738177940
08567765275
085609975492
085822829962
085606937944
085771967906
085778906018
085893749244
085874017712
085708217721
085777512473
085859713856
085642441535
085809361679
085712662067
085824896645
085847172937
08557634549
085710132304
081520358203
081511370605
085878991844
085819622406
085810531552
085780096239
085858113019
085691291363
085737464859
085739033367
085852329920
085784887894
08555612151
085811348235
085754392205
085850311459
08562880187
085764382708
081547106395
085745060769
085741090440
085692733309
085769394659
085739430547
085728082038
085724714609
085704443738
085866020734
085749349815
085716294438
085880658437
085624825477
085814081608
085823512018
085815400225
081528247573
085798795094
085890544568
085756743520
085697561795
085656622241
085705379689
085885276893
085745060855
085716381487
085863387190
085691071228
085823373244
085880811004
085805734968
085602234038
085719025663
081556674317
085747408018
085606512860
085864224625
085737028939
085727568890
085835330966
085824269672
085777757157
085817376711
085708956526
085815560295
085715646778
085747045546
085810490425
085851574010
085893451916
085740669610
085647300575
081548930944
085707504553
085700797848
085755733502
085708938788
085774425205
085772619132
085716199607
085823530063
085742663250
085768062670
085810757301
085863317492
085659700146
085704783656
085772321889
085624446669
08563150279
085766681382
085691067090
085842160610
081575550848
085792401158
085748599074
085641964836
085786454194
085719777992
081514610904
085776389646
085868777175
085607052300
085784787363
085878077827
085693529066
085893252660
085797825621
085750342495
085782728583
085883403707
085692037618
085829482236
081567601765
085740166689
085747105029
085659193488
085753167743
085815165864
085822702257
085857928601
085793571797
085770416679
085847201052
085869146963
085732271639
085641127505
085730382843
085740006025
08570006025
085604787735
085880023984
081410058285
085604134420
085858982278
085730110042
085890294877
085855882810
085726006848
085718120282
085727830059
085777799175
085790655413
085717583196
085869920425
085871295112
081563171847
085855669037
085864679635
085755532098
085733124824
08156538956
085607625354
085795408144
085759934624
085748566011
085691972230
085774807542
08584281024
085828616476
085811550537
085697850987
085604722074
085738246764
085607899264
085748439895
085692950045
085861117191
085846425991
085777679324
085752022446
085777809337
085745292591
085701206451
081548442100
085810129434
08157022742
085729314083
085706782072
085867652548
085871522750
085868850439
085864645752
085852235502
081466761790
085732086173
081511352159
085647278787
085794722405
085649975619
085640145853
085697657759
085647384915
085692660865
085770784745
085769644160
085768451040
085748290986
085850334793
081525810765
085826221899
085694698659
085895525665
081575881110
085701787758
081545356240
081514652483
085797417174
081617381228
085767628995
085647728225
085828142168
085788253171
085725110436
085794566157
085641882681
085842675965
085607723604
085759713397
081586113059
085692906764
085692906769
085739874251
085788163188
081586893552
081513351288
085885433038
085823633610
085733332485
081517224523
085718720798
085808484631
085824491017
085708911694
085746622868
085731788341
081556586709
085784805704
085772185389
085810176695
085894206392
085717930374
085702520035
085813014898
085664969014
081528727024
085604007864
085735293259
081529492132
085857835832
085646574866
085821682895
081585691593
081515763227
085807477159
085813149980
085891432973
085640078323
085783047498
085794527200
085817384982
085766177696
085719690849
085715264042
08561359565
085885620650
085655664948
085880697908
081523986394
085815576518
085847303791
085810633376
085647948320
085606273156
085695190463
085654763301
085836931178
081546212667
085850838098
085713128881
085784833021
085714538126
085811320556
085716829320
085881339697
085754389133
085739212877
085850434732
085768301884
085705655315
085750982944
085600406564
085888252172
085743110626
085694580332
085624814078
085748650257
085737317716
081529606318
085781451053
085737465236
08551857220
085847729811
081528747348
085738561004
085732855494
085704184116
085812062829
081524696158
085730495725
085711634791
085604860998
085756076391
085739946494
0816814751
085712530348
085794400024
085739000686
085536566004
085810975514
085808597783
085645226613
085847931501
081241672793
085817389426
085879441164
085742774296
081519800926
081558192784
085733504640
085742388257
08156419328
085895001002
085647212677
085603890655
085782529486
085727878589
085727101011
085884154188
081532046383
085741315789
085864184608
085795410498
081553546415
085643565331
081548341296
085864440454
085695245189
085641590760
085878431361
085551120361
085798593927
085722622413
085609214356
085735886778
085749359022
085602431210
081572547457
085786426635
085714231040
085759806929
085845287998
085788889518
085786269061
085729296387
085858460686
085649415994
085624521625
085700754317
085641867937
085643067211
085793521030
085723335006
085871200865
081400781855
08563051897
085604788569
085847695745
085646548440
085709677238
085717567991
085646177505
085702261728
085739466048
085777372310
085848218344
085801385446
085601610700
085725963332
085812357539
08568132618
085826362462
085774438044
081556565589
085890288051
081568258265
085716413208
081646824023
085893296949
085655765828
085851132089
081412420740
085703440196
085775873605
085714120082
085641474512
085787314649
085788103854
085604777368
081555905030
085840710967
08561863978
085600517539
085643416961
085828048184
085721224744
085821821488
085776669321
085652028186
085788568814
085792949638
085768003592
085709951013
085823902701
085559701745
085607154088
085718575750
085893387895
085737116292
085669584559
085600260437
085814742100
085861029420
85591079701
85814143253
85709409659
85693215048
85778776571
85750251385
85716111022
85876066504
85756970316
85724481436
81578150355
85855507900
85691197081
81522613582
85715776132
85643172977
85702719632
85809904594
85702746452
81400844539
85710307132
85778917336
85727379697
85821980708
85711640717
85643885760
85810006204
85788609959
85718298306
85723238499
85710042014
81413015042
8567936225
85712839076
85864345890
85810211803
85836673817
85881443238
85724330838
85718486208
85691247435
85772721276
85780014112
85800513704
85650831596
81574452938
85700627873
81553906528
85752301304
85888687413
85764142809
85882935254
85624796472
85710961108
85724039586
85751666134
85817373436
85720800069
85863603122
85692937011
85710792940
85798752047
85710037212
85724407536
85860770740
85722203778
85863270541
85693435008
85849069262
81585756959
85642290028
85779353034
85891028904
85783834636
85846154396
85709428405
85861586782
85766608474
85796010853
85776203126
85837426863
85863055449
81573130470
85883951249
85710496541
85691677843
85723884602
85860692622
85758417566
85715879001
81585884267
85545201417
85722651435
85716009023
85772713558
85871375632
85711673887
81568385106
85692665690
81617850723
85872189209
85798197499
85711733744
85764623510
85710325121
85781005892
81542440205
85729743109
85719193978
85817247356
85659221283
85710903751
85863651467
85810633400
85720312824
85750981721
85822287537
85798834953
85881702575
85793661644
85604056190
85719633247
85697257931
85793386823
85709115267
81459033172
85879632519
85883216632
81539885524
81430387267
85831058101
85692470860
85649849827
85709686597
85855558628
85737874922
85767033966
85761354216
85722001665
85702721781
81617653479
85545280397
85810383034
85823592836
85624140599
85750064468
85697938636
85771117941
85814143273
85880884385
85849059602
85719102885
85882912355
85708673725
81413267578
85712911841
85877906915
85860079533
85720762384
85739229681
85693833226
85888144109
85722766543
85827650943
85817957472
85863068219
85716227077
85810909172
85719510914
85720516103
85694044695
85695440482
85723679404
85870005573
85871115949
85794976082
85720943196
85846556469
81528417423
85814350546
85865826525
81573767032
85771027908
85659614812
85780312736
85819515847
85649272046
8155917025
85776497350
85711640150
85741754361
85767128206
85693250918
85893874490
85762561231
81564905752
85722297055
85821655827
85798743814
81549645517
85822074683
85782594645
81513626482
85849333266
85715318217
85718540963
85693642408
85729098041
85773464037
85723265589
85861087758
8568412850
85816387797
8159772771
85720734945
85704398098
85722313380
85652314566
85775992754
85871779625
85603908518
85876503381
85807190807
85703102887
85743767848
85863140755
85624222743
85727339441
85707290950
85783032854
85724198510
8568050575
85718513140
85725715168
85718389071
81528836620
85781860909
85694073335
85762131595
85693561743
85792098038
85720907311
85703270752
85724831528
85794502834
85770035669
85692516705
81410543836
85861901461
85607106437
81572181563
85712734792
85718841610
85720968416
85863345409
85693644103
85821840907
85817955157
85872036720
85867712629
85656028176
85735155527
85805124790
85717351821
85710211399
85800187783
85783796831
85641299201
85822377232
85603040643
85717175975
85692368535
85603554964
85656523882
85765384990
85697775923
81575500041
85693360627
85750954598
85696745820
85893777015
85724627372
85739450650
85624617811
85766566982
81412357785
85872346743
85783774359
85703119117
85783747172
81543438607
85805041898
85609947902
85654448344
85694322311
85863585499
85739315468
85810469851
85714428388
85795086503
85719309745
85603402617
85718057399
85720234441
85603929419
81532890530
85773243430
85645188102
85788759341
85794208954
85648325703
85881366251
85878382621
85722212198
85709906479
85864473538
85763034571
85819061544
85756195848
85707202262
85756165648
85730784366
85692086665
85802804106
85781637750
85783855919
85892735154
85705668454
85830114296
85782345677
81574746500
85822426967
85772561171
85775706792
85855965232
85861386321
85778951521
81542089770
81540091630
85840137647
85695334907
85805161874
85641607780
85852874404
85845713890
85714976136
8561312583
85668733371
85656680915
8152513371
81563710890
85891922490
85869669018
85718005313
85762683325
85779708698
85795787423
85880814510
85606398652
85719205984
8568755270
85881026601
85664077699
85756928406
85761149147
85714637197
85860860972
85703486273
85808406848
85835236017
85709619845
85896065085
85664394699
85820244900
85606663453
85781773834
85831031209
85654496187
81536864270
85749500775
85705387830
85718408343
85845680194
85715143754
85812454696
85846054057
85754305937
85854869793
85718138839
85646481167
85695666250
85796197920
85725273224
85749207835
85774272908
85762351689
85714338157
81537484526
85829336557
85779697590
85759754176
85835311609
85829328987
85829153224
81586571330
85809961628
85774779708
81586079282
85768058821
85833256564
85700703287
81549214127
81543180834
85867931563
85835436760
85768113130
85819941677
85845529808
85652165128
85719518397
81524022723
85536631410
85708957696
85837213658
85608288525
85669478643
81460136156
85704165965
85723808812
81412256530
85765371047
85892264115
85606406010
85835465337
85669457782
85760113224
85783607396
81540993049
85705379017
85768547630
85861479504
85664121855
85652354177
85760200744
85756830506
85750545837
85814972329
85648482191
85720858466
85756572697
85813392831
85742997202
85695557501
81563963963
85808720641
85664299153
85713695350
81545341044
81568266469
81586980956
85789144327
85877941102
85822537194
85787371363
85714945251
85802912186
85649933942
85652339268
85714544336
85795526039
85822970151
85770291415
85828601964
85711885548
85776680481
81529686789
85641579377
85716390397
85876154620
85716390397
8566666740
85772388574
85695169263
8561851278
85659469866
85846651024
81573236557
85654900237
85704585012
8569827991
85795052920
85783030009
85817259987
85624044726
85731009170
85795052920
85607136680
85758180355
85773575934
85810328127
85745416517
85778785051
85891251227
85811299082
85773355229
85847588730
85712322250
85745520446
85708153193
85888158342
85692050177
85741708724
85692616618
85863685821
85602124735
85778334957
85850111982
85715140325
85861655038
85892943185
85874038030
85700832183
85872805659
85702425648
85536640327
85604041901
85892402355
81578236753
85722659738
85692442842
85702109199
85866422507
81400791656
85709134753
81529479113
85591504113
81511413747
85896605365
85805165040
85716628938
85695324051
85723559450
85695917031
85753271274
8561202725
85716976710
81515038206
85727834943
85693869614
81524604325
85810920627
85768370475
85591524756
85792935506
85604195483
8155924427
85715935481
85792603849
85778871718
85802874661
85801510260
85847214187
85810681472
85876305023
85654959407
85809799204
85608441841
85624160406
85691871405
85706110362
85725928892
8561257063
85879411189
85764112471
85775136357
85693940667
81563856395
85811568966
85892851327
85719628036
81463806316
85861065911
85774520521
85713339652
85714751326
85546980198
85722399021
85702289954
85894979043
85814575055
85881952885
81573379461
85710932254
85842781531
85717378514
85814714075
85806868922
85711464964
85890311365
85692682503
85700638292
85876195023
85847497606
85716908015
85800231038
85832213548
85773799952
85640386154
85703709681
85694900077
85846278806
85803165095
81517475932
85776071473
85889781694
85796677805
85727622346
85726806228
85860695954
85712199405
85759876314
85792642247
85712215590
85779482690
85755031064
85753148495
85825076052
85748495942
85641871168
85875482352
85859021614
85710657880
85703904490
85709645709
8158999601
85711647641
85691106135
85695442143
85885775133
85720374741
85717328624
81515789290
85880020218
85601228939
85711766156
85642292581
85727522339
85709686314
85820017027
85800237721
85715863908
85774420249
81520431753
81563432285
85722383912
8164307231
85876934544
85882678290
85796598831
85713806912
85691602983
85881359736
81410502547
85659514467
85753537268
85861185772
85733397349
85721146114
85770297326
85770470112
85885954458
85813256448
85842622894
85721423967
85711274454
85813364260
85721243967
85693453273
85798516805
85776961094
81413597230
85814972187
85788764907
85700832183
85624044726
85601670124
85801320815
85703562122
85783614682
85863356308
85825103064
81563328108
85716553334
85787446927
85839503092
85774537900
858091288
85704631212
85798103034
85704489794
85890469454
85693368216
85865069817
85774611826
85871844589
85814728233
81575293485
85770120331
85803264009
85849581223
85764500526
85692534283
85813063148
85717304082
85692241732
85691312874
85721944521
81584645830
81575766651
85559501226
85815609173
85718760486
85788193621
85797506080
85728905641
85601589080
85600524680
85872400881
8155059553
85658981763
85642002767
85839541769
85863310090
85819886981
85702427001
85646468363
85646366393
85601378835
85781386553
85880401905
85716740787
85797310864
85770524955
85819908168
85811355405
81554265634
81462321288
85776077981
85855964464
85739443601
85704003506
81549405176
81514187451
85656216706
85797161639
81511155467
85797894335
85889570049
85863556158
85783088774
85701093166
85732191268
85829391925
85735382184
85693327838
85659573500
85642156095
85773753342
85694063495
85609062548
85891001837
85691944062
85770226819
85730704542
85647716073
85854786344
85811917075
85606850560
85717310807
85710375208
85753344120
85640156132
85718684037
81563788117
85797159573
85883910898
85878181096
81510744859
85717948186
85703085550
85759878683
85828680384
85742377908
85655948717
85603010319
85888508433
85779764085
85727357214
85719641809
81545124654
81646968503
85770012581
85893786384
85856410261
85796969895
85717572059
85738807321
81546432710
85717693934
81617860867
85658870611
85536607361
85764667161
81412160245
85771714044
85862897526
85863280614
85701934776
85776567697
85721179310
85727241639
81585383006
85750692711
85810877043
85642545194
85715949756
85891688027
85811021507
85788427928
85664832631
85719043716
85864953618
85773123722
85864817690
8563401781
85781818011
85743016599
85845787294
85720643549
85624335260
85770054817
85861876087
85809529939
85715362337
85735784558
85782831641
85792001719
85867138671
85723204317
8567352201
85694343116
81572834779
85814226508
81564653918
85864983274
85693051373
85786472305
85770766993
85880143912
85882076189
85694916745
85718812780
85892803370
85782312693
81400661969
85776822752
85880200014
85795887725
85711158283
85720912579
85794942879
85891262090
85846849132
85769422215
85881364099
85821745410
85795614287
85727248859
85648584051
85877210568
85814192994
85715175747
85746318832
85642304303
85861077757
85779040792
81515556526
85738958862
85795467127
85700006528
85714643730
81574979069
85759614079
85759674079
85806444598
85767067060
85719263961
85820017027
85600669228
81524344064
85559150562
85624719939
85822869327
85545046044
8156170385
85718357168
85771108463
85720938992
85718117742
8567343667
85601946360
81564868004
85793602261
85721169849
85741189595
81527813271
85810791104
85655875247
85641927317
85862375488
85801532135
85798068212
85731745207
85720312711
85781857172
85824471623
85692248570
85718571933
85771081407
85794185518
85786029721
85742620116
85720347145
85798548892
85773665170
85715038920
85863687942
85704216522
85757160227
8156307782
85719273622
85724432567
85771088064
85797802026
85782126011
85795841121
85727863138
85702748171
85693559239
85643325691
85691107610
85713009391
85776237113
85771091353
85880373362
85853507242
81585861597
85880578244
85885576102
81563870757
8571126354
85714363312
85857785384
85772152874
85604080467
85880755300
85693981597
85880000267
85860206693
85600463146
85770498761
85800861162
85520737012
85721761007
85849730181
85892774752
85693803996
85694078034
81400621971
85793779904
85893714005
85716312995
85603167402
85810741275
81573226930
85647266440
85882236612
85717350507
8561955232
85755488038
85811547422
85878610413
85714889538
85696587491
85719022681
85603908356
85778736559
085777959420
085718306881
085810692475
081539874557
085853613925
085812310473
085880807420
085863643715
08563667658
085882836726
085864944275
085643034281
085810914391
085836444690
085893189134
085860373833
085735618274
085648448699
085692332873
085559587150
085822715012
085691879661
085881639063
085700658349
085725925730
085714827091
085743318956
085891153635
085706754272
085882502632
085793898938
085772320781
085821843954
085793688244
081573242153
085829646175
085846497855
085777340615
085857898940
081529397496
085720486845
085602268131
085789553109
085700764030
085864179392
085823897354
085735105315
085602577627
085746961525
085725907510
085603344515
085798234473
085880556180
085715933989
081529806716
085721013591
085722596431
085720249545
085864941743
085729243848
08582261172
085805002275
085722629390
085606168997
085797911580
085733193827
085739230627
085860862362
085722538408
085603649688
085658313983
085705807748
085800922625
085855601052
085787662331
085814203967
0816231867
085792154719
085696038386
085860079217
085657033931
0857726253677
085712811423
085803592295
085711926479
085889316058
085860407655
085717969305
085759722702
081573497145
08574119020
085893149879
085847571977
085795086127
085714174783
085800731933
085811241839
085784733070
081529297326
085805576705
085722031975
085809837528
085784013727
085715418024
085712352040
085654246803
08568213189
085757308636
081511445024
081548342620
085762384377
085758847426
085792356988
08585035411
081547190258
06285767137657
085714191315
085781199609
085624836155
085809201242
085694919216
085719552532
085783880413
081584913830
085758338900
085760509184
085565427377
085794740863
085863517027
085739626255
085691568377
085810577071
085691642502
085760171751
085604086487
081532680115
085751246123
085624685937
085775270503
081412235793
085755606219
085695181252
085869766460
085849343798
085600011120
085751540722
085765385408
085857124010
0816954277
085860500275
085700569949
085715931927
085728372773
081546826942
085821964189
081515653020
085760707480
083098441532
085787846705
081554007401
085780246632
08159828101
085624167124
085788500004
085789420587
085811748680
085866318992
085758181373
085773275305
085863548721
085717463650
085722374872
085757042887
085647672584
085753409020
085770154326
085745145354
085719561061
085591081759
085814680593
085839011435
085846032667
085657218856
085711060895
085717423492
085860714622
085802432758
085846179505
085835076900
085645102114
085664915647
085835424236
085872029331
085773058602
085891783662
085755147758
085812214546
085641579817
085863176090
085701457198
08568239136
081543266159
085657150410
085880235315
085702090630
085724528104
081548581673
085793461038
085739063863
085796238356
085607250199
085881782758
08159475182
085761124007
085780922693
085718124661
085697209179
085762385962
085718894294
085722215993
0857122649116
081615513445
085694610151
085842377786
085648344118
085839342825
085608843630
081412396361
085777192023
081545372834
08567061165
085830659103
085697909714
085591700385
085825328775
085722456333
085643076328
085880638532
085720892706
085828650570
085718570925
085824009258
085695651688
085771647831
085846112035
085880174185
085719284984
085808674391
081539814948
085792136955
085738986896
085752517917
085768613848
085720772081
085759015652
085602812880
081401628241
085853529745
085890308948
085624303932
085735369384
085811164266
085641925757
085831045322
085784037593
081460481887
085893192263
085606956870
085762146067
085691575976
085624614307
085784514057
085846625053
085700198053
085890371172
085770060593
085829676626
085718228090
085870628048
081586993404
085842765133
085642091231
085773684575
085769392714
085808675002
085718629824
081586813374
085691928694
085766900472
085790242820
085601757890
085609075446
085772390459
081585568765
085822520327
085606599750
085775235140
085721334147
085783184599
085877981602
085881027925
085711119711
085792088280
085604733235
085794054143
085659185070
085811383307
085814652775
085745182993
085815583505
085864670377
085651029671
081584378261
0858886553032
085692836196
085850379851
085751381544
085768024564
085817764039
085863435948
081524568275
085743322940
085712666267
085849337767
081529818452
085697583817
085882861831
085817148103
081460351141
081515846503
085720782691
085776199957
085871711645
085727424503
085691034227
085866999829
085794121558
085834356686
085757419639
085796439960
085864369892
085726573163
085833067247
085641564791
085812649122
085696262570
08563551593
085783401514
085725082920
085754597188
085718224703
085808915042
085559023454
085822182758
085864175949
085697481386
081585165633
085520953022
085759921648
085602576032
085712971295
08561047277
085880033525
085725667718
085700718146
085642287413
081646858545
085545263575
085710984953
085823540470
085712168208
085846288592
085776884546
085655901759
085882563244
085643547530
085796322330
085738199297
085735919926
085829142084
085814840230
085846184544
085710881384
085707153646
085545037695
085757100379
085809439515
085602657381
085755759658
085732204815
085697396750
085880901576
081529402534
085800724121
085792458721
085756832426
085805038492
081463802776
085647027421
085737281697
085705253849
085755728118
085746095846
085842873887
085711030012
085649951682
081523967287
085602245424
085721269436
085829341529
085602439713
085606230821
085520792001
085795143231
085825370028
085703566457
085798086422
085523539890
085797289397
081523948112
085731314785
085700136713
085727618405
085655946083
085641748248
085813763998
085784887443
085742977030
085824437395
085712035539
085755450970
085737466967
085711626219
085727033552
085808722483
085694866107
081554142344
085657417413
085825385763
085794168426
085696494511
085656318289
085815078350
085705656935
085735639600
085817272353
085731802786
085866878468
085889693546
085659305843
085775275383
085831116449
085647487372
085720181995
085831015802
081537551848
085831122511
085835334879
085771120894
085716358010
085774109655
085864989881
085759747988
085777477266
085824601752
085604651566
085702278913
085859365872
081632230948
085764052561
085847112192
085825351843
085746951116
081515586735
085703487061
085788466675
085863112291
085857594032
081400760828
085736825310
08558673884
085771257519
085823612358
085805140833
085733188954
085878336491
085723700311
085731040553
085648511765
085805140890
085706425436
081559570734
085720333246
085772707162
085766309112
085759601787
085642163601
085810681474
085794807079
085768055281
085609518835
085791916292
085855276178
085652282381
085811980134
08561014584
085885977186
085855063660
085709014086
085709806070
085872362529
085725494288
085751726230
085794368714
085695900072
085643151470
085795959617
085705461581
085738273186
085705647464
085864660414
085817737846
085659866184
085721155968
085756585452
085708468094
085642455826
085795138097
085727157525
085804239426
08567252081
085809307903
085843768013
085830129491
085769683901
085840230882
085772705557
085641903064
08568121637
085726102055
085835452314
085708957500
085788132254
085822900513
085732380953
085609106971
081524684310
085733502601
085724429158
085641841615
085701114793
085805969826
081578223463
085746675368
085771465801
085846093149
085894334263
085735239298
085850378071
085755149668
085601064337
085883916869
085829008872
085777431178
085796679177
085624774642
085861462592
081584853432
081572166935
081586068138
085794570964
085607717061
085861030810
085720310889
085717827524
085759875774
085893521038
085643920036
085750226096
085861894685
08156863505
085545132975
085724064965
081521524101
081573460224
081410573877
085762267124
085754429709
085720414772
085795164750
085857837369
085609176263
08557222177
085609343554
085809481266
085717915867
085520768196
085864736221
085753504485
085816095411
085829261535
085732092085
085810044298
085836712913
085857912827
085880878565
085727966303
085706597513
085739564061
085600539023
085742179712
08165453128
085746903442
085708225495
085648922312
085847385618
085792373083
085864777137
08563530459
085837466942
08155637475
085855062096
085837784704
085788094960
085715767786
085735368416
085800718512
085806406036
085755433107
085857831285
085725094198
085601543651
085727710861
085733553040
081547311830
085812850207
085604627701
08570479635
085729331967
085843791939
085858257946
085791749992
085737004751
085842760819
081578080999
085895937814
085704484374
081527114162
085692443523
085656759297
085645279351
085857668385
085655744826
085604676844
085718377928
085692095609
085713231132
085797157340
085857255037
085723617177
085779160530
085755224389
085609308760
085800696730
085545263129
081522622932
085815652675
085745748341
085800274820
08561158693
085792969906
085800720765
085787035926
085649919702
085755550926
085602481923
085732566418
085714767544
085746186563
085854920608
085700837340
085746606074
085608658854
085640470162
085861255796
085607504329
081586889859
085804735132
085833254797
085878498729
085895395929
085857550403
08553212890
085812266074
085792816155
085705675386
081515322433
081547316743
085786207699
085736944412
081538583871
085808371554
085775219629
085696241763
085765237449
085723660882
085708920297
085792217695
085858873949
085878819306
085792814880
085732886869
085746164532
085768013205
085738878239
085775386958
085750957831
085890411115
085708340158
085750782310
085748641254
085835015249
085760952690
081554744788
085864923494
085828306108
085704778850
085707914222
085870819733
085894351330
085691027096
085669665154
085722648536
085858042563
085793393306
085704492795
085888137708
081556432103
081529780159
085857845792
085845855573
085717453642
085606309001
085878246009
085762442411
085727064958
085729348312
085712790580
085723671987
085772187159
085648028827
085847008796
085784704068
085648653277
085738035332
085847976646
085606759008
085894220643
081556631918
085710223518
085847309651
085707220934
081559518231
085780727932
085829650631
085816267432
085696155394
085798802083
085777285680
081553884357
085888256318
085708158865
081412070495
081568323151
08563700533
085695161800
085839374305
085624894492
085648499403
085735456717
0815683231
085749538402
085777367542
085667643541
085697844764
085791312960
085707989065
085739921346
085764673186
085606806157
085718286327
08567903968
085731353573
085886137955
085814149807
085792472122
085658951360
085820251752
085709249140
085732836665
085805585161
081617889593
085815603043
085716338851
085733120919
085704567928
085784097920
085737138699
085830221302
085729764723
081515495487
081533132908
085755522760
085821251044
085767243808
085708287704
085704406257
085800700542
085545043125
085709654274
085715629503
085802458976
085745680252
085754522815
085607453142
085655510326
085831826563
085692705446
085772689897
085858884241
085866186073
085607511029
085757419641
085759874130
085817171442
085709492642
08157068348
085737544102
085847385894
085647913148
085700242094
085725069167
085602589377
085845445382
085545107257
085643382285
085664319006
085737520120
081547452801
085787472249
085606782549
085869057089
085893735164
085705339537
085837216993
081646963229
085692617984
085749305070
085856440103
085888608048
085810871890
085891292861
085751529400
085730912779
085857799281
085709660914
085717684601
085857804438
081521520508
085754272376
085894620377
085832532538
085624622071
085864017990
085758686502
081573421084
085834100314
085559145077
085752474405
085600780901
085793544826
085758408351
085798279440
085705247408
085846499272
085752982786
085732749615
085654480700
085879669719
085755947280
085876959077
085712819019
085723434288
085776328167
085825530641
085893502072
085692663774
085754581271
085743549995
085709734033
085643018452
085730324788
085761335352
085712809483
085792716064
085754287040
085847631090
085792719360
085813318204
081511357894
085861380139
085779061319
085787601647
085860516839
085777018359
085840204926
085847613900
085829721107
085640527015
085750588754
085835683767
08568051930
085711065454
085829693914
085738400688
085863931612
085710689022
085793748728
085788844062
085603879036
085829461730
085713797709
085809883984
085609768291
085793733645
085601941868
085733042902
085813334445
085836698350
085736479008
085714589951
081537548427
085877929186
085776687560
085624747603
085792817855
085858018212
085880446328
085829261053
085809124104
085880607674
085712275049
085600372236
085720255942
081466782431
081546456924
085607875720
08568521712
085861001744
085724035742
085645768404
085729352034
085693376512
085801228727
085771657915
085814266470
085759863219
085757074779
085762358601
085883948644
085780033559
081575462599
081535482607
085646422861
085641770609
081553446792
085791914808
085715844988
085846424672
085874114314
085864950205
085641534002
085864655723
085711730057
085819948845
085878491816
085693507413
085750206015
081519661791
085880072017
085890401692
085753669915
085718926579
085722633946
085882713703
085863421704
085714605701
085732916240
085814965483
085745171693
085854459874
085751980722
085745761251
085814757948
085624685181
085857625249
085701233996
085641982306
085803229844
085803169715
085888918922
085643209558
085770980695
085697207460
085745417663
085842817544
085827814414
085712986001
085892441979
085705543604
085813444237
081572477409
085791494569
085693625688
085696965930
08567224826
085727626346
085752098119
085735687749
085776866306
085714456004
085607182692
08566204432
085869016762
085809265316
085735562634
085646414953
085822468423
085606688982
085789749907
085811842722
085860125038
081584146230
085784728929
085701867596
085718130462
081573476663
081456105508
085606660458
085739201460
085745168806
085609763626
085745322180
085742176148
085754275220
085602474615
08567219865
085796463807
085737122040
085752812695
085858103200
085792464699
085719086251
081542482568
085811892517
085773661795
085876423284
085881628036
085756976182
085891074907
081549471918
085737019910
085792437230
081585865729
085863939427
085624576070
081511116360
085846727743
081573657104
085850540223
085727909984
085829452553
081515653383
085759063317
085659588474
08568047867
085709570945
085740537847
085735284651
085651167154
085738636415
081548388668
085600528978
085624529610
085854572600
085700821381
085746945467
0816992931
085647123162
085745250166
085691138680
085783737677
085624657437
085640089737
085712261406
085848366319
085865330773
085713883072
085766020538
085776768579
085810927087
085737036258
08563131227
085723304503
085811180140
085765633166
085864275983
085840141314
08567060689
085609859636
085881938920
085766105065
085809435054
085858368476
085774927051
085607767144
085774400159
085811893130
081535467295
085695445970
085768486280
085809285294
081455094616
085720345286
085656204645
085717554199
085842537013
085792022786
081537478643
085693242794
085894468910
085891068417
085893065580
085792275904
085725927166
085704355831
085693117547
085829342075
085717162609
085797487316
085728786294
085769910757
085714033491
085753048643
085654695054
085824236223
085814517531
085693164578
085641878902
085864206493
085711058026
085787053095
085713112541
085715418872
085793643898
085713665515
085547745814
085732938077
085830352771
085885899023
085691847695
085756911985
085835810010
085784784012
085846724049
08561909590
085813749026
085591200963
081527141359
085646458249
085805753498
081553968424
081563374056
085838568335
085849994612
085800203219
085700765756
085754729866
085606125738
081563384988
085748010582
085723601826
085788981237
085893515774
085649526661
085814618360
085733578018
085710432579
085643512256
085837213637
085806805374
085656392833
085876748928
08572011419
085774005229
085858643096
085808215299
085782791647
085857681332
085714185763
085643371118
085659511898
085726068849
081547526440
085881813249
085692189931
085801084693
085833157503
085784247508
085591165970
085882233889
081514296550
085861216637
085811227410
085719418807
085755306893
081563344772
085853154342
085772114081
085713668343
085861856400
085737074615
085731102213
081563450090
085824452960
085600999255
085754904645
085857651006
081529432949
085837307822
085895903034
085757243320
085757321186
085705810204
081553859440
085877367949
085804737401
085842882903
085783655142
085654080475
085877869807
085725134474
085703593884
085702236305
085656982540
085787070785
085709709521
085820225477
085707060844
085789482891
085735850365
085602727935
085784795800
085648836221
085749644816
081519582852
085768953205
085708775693
085737122061
085716345545
085896092807
085755265904
085824847490
085600216772
085842873304
085738420463
085651484497
085789952968
081524725942
085842558912
085857329660
085810156820
081459127511
085700719035
081528776933
08561626842
085733408257
081460451291
085878051121
085755480609
085759090657
085752520503
081456175748
081649552438
085891607772
085797931420
085652044176
085867847458
085792833005
085870983308
085647036753
085792340214
085768734126
081529402499
085692505263
085733686759
085863426403
085751946078
085646566527
085810680706
085770707818
081584909156
085729307000
085786066132
085719146598
085771452110
085791160216
085715364197
085729738167
085719537382
085888873610
081459128873
085715416875
085808486533
081548650525
085824843472
081548933791
085648699138
085523851268
081511659631
085691649368
085693294783
085867350294
085895359276
085716747398
085811931971
085767246331
085669856352
085700675535
085789784402
085777748213
085896261924
081532032280
085718541058
085800242875
085802431655
085864148088
085770386988
085823630809
085847154112
085606729091
085813659025
085766282261
085710081272
085624070805
085607108297
085792939400
085647415498
085765408846
08156535199
085808616420
085760451591
085775842012
081513950498
085800752231
085658528631
085706519646
085646664575
085800236076
085809250852
085809432535
085747744445
085717342024
085766868895
085724206092
085821925823
085888605066
085601212450
085769470893
085654884130
085820022840
085604757487
085832839904
081436149610
085707851395
085755207739
085891128262
085770004293
085869556365
085710916320
085602403340
085762746645
085702079831
085715990591
085837217759
085831868397
085766762972
085713296532
085870279829
085763627081
085753727698
085654425381
085893501604
081546487505
085806460188
085733071009
085880114186
085726015813
083160018716
085780307001
085793732574
085733688293
081459040809
085729618579
085788012776
085831487425
081649778784
085729521614
085782733098
085691040506
085762383525
085642686032
085863166647
085709922081
085860685209
085821471829
085823342443
085727550126
081542641282
085703578609
085850899866
085783281203
085693311125
085716791513
085700181042
085742458905
085805098203
085848721457
085845804216
085863174050
085724608845
085780454053
085755007157
081412335266
085756172839
08578387835
085811762619
085706587264
081430331600
085792820743
081522850312
085869135251
085758212068
085795096442
085875345886
085786381380
085719433780
085738357805
085861960098
085783871293
085835407287
085664728450
085641628835
085719430942
081549087416
085654529100
085806778849
085743328399
085867469052
085817600886
085850713951
085881715610
081412154745
085733043002
081568248201
085738528454
085881338380
085692991685
085799437783
085647499607
085742701802
085727178964
085751188680
085867442123
081549163844
085729039001
085726035153
085836874164
085810918853
081527566920
085762726032
085856887249
085853240288
08573558413
085787857668
085650854754
085735816941
085641130028
081649461091
085821540966
085783194134
085787839269
085692489918
085849059471
085796064681
085753517305
081532784154
085881783379
085714677717
085793592313
085788437605
085777130472
085819602934
085861071526
085669745010
085658944917
085774963648
085864005506
085754764827
085824919501
085745473906
085754396647
085769493623
081549193220
085820032997
085652019868
085860200103
085759071539
085896049378
085643470416
081515938740
085836868463
085827812885
085789253964
085895880001
081573476429
085830612973
08155511353
085600466322
085647405517
085752679185
085797452606
085773629853
085841693324
085602119903
085651113668
085609896930
085772377502
081646829648
085705617263
085797158193
085795312913
085705511470
085700605014
085766979714
081532737940
085755345980
085792111512
081585579276
081522833213
085719037900
085822817825
085664613530
085768516887
085648484868
085829346588
085641134756
085723702798
081524657649
081519549555
085790854239
085694420466
085880401044
085766170319
085643583568
081532152667
085822003310
085883311672
081529366038
085864150226
085805021203
085867319594
081573530035
081460134358
085643365083
085719235214
085714452838
085776983656
085821478011
085700407495
085792921090
085811536824
085784078015
085795877118
085852767344
085794315804
085647241379
081578069772
08152212910
085826306041
085779159855
085691661542
085813769958
085735310377
081548285994
085664575295
085806779535
081400335088
085747175767
085861301140
085606806795
085693191437
085805686348
085708702321
085643257002
085866506470
085717773422
085769519715
085697022087
085767695314
085722829708
085854838826
085767507176
085696705318
08573173995
085817795088
085712276823
085643781741
085814820525
085820467225
085718368574
08565604481
085735838986
085777646332
081527684502
085776785155
085733164053
085718085155
085600068944
081527633599
085800344433
085810922048
085754701125
081564648137
085739651049
085716326069
08563739850
085852418043
085648338584
085701120360
085705701401
085731082068
085820041571
085789248751
085711592662
081549342423
085702086055
085864678136
085829101245
085606621670
085810704551
085728196082
085778594412
081540877370
085895044281
085735056177
085649229743
085739002132
085717427668
085718883904
085707013594
085647112239
085712229019
085697769318
085809238482
085796445741
085755190164
085655804358
085756629371
085607089491
085718102896
085727926516
085640386787
085655658824
081548346661
085820572867
085783559772
085881392423
085852718725
085735572805
081477124216
085705446925
085867646839
085784210676
085600519611
085778287993
085882523976
085600460269
085861732569
085727394166
085753741107
085796841626
085867743564
085750018846
081414414081
085724509825
085654535636
085759878015
085711983899
085736456183
085668888500
085756433294
085736476310
085606979836
085817195254
085892975343
085796228950
081515714787
08578168990
085785701266
085642243783
081517794201
085643791495
085711744076
08158232651
085710436426
085729723603
085880637943
085750534985
085863145074
085805350322
085713422604
085694940715
085761927289
085691141523
081586306769
081543282616
085831904011
085820204253
085692711507
085659473002
085720382463
085704545424
081515102455
085658070963
085715316364
085805050895
085711140796
085814713142
085714209489
085882414832
081515106253
085883422658
085787887759
08580406511
085800830108
085591603602
085721290297
085718132874
085746144841
085793731196
085882327961
085602991839
085649101693
085778620993
085748090362
085875720451
085707232914
085667675843
085864882337
085808743256
085600629747
085641214860
081542300203
085822869163
085760201710
085709211496
085814478495
085733193835
085641970521
085762591847
085697301600
085649750122
085656191931
085800846769
085840231473
085716132231
085770563705
085735040682
085823237809
085786947121
081522677223
085811602988
085755511650
085800299068
081564652184
085600346800
081545453849
081521673481
085602269695
085723962730
085764275635
085772841285
085709166489
085891931223
085780648207
085700629137
085757515313
085875478166
085785747971
085735352722
085706363944
085871522925
085609268133
085797480491
085758203703
085835814307
085771608147
081545829084
085735366277
085706787856
085840734540
085624446765
081548470027
085647939486
085709111168
085668780925
085780859390
081445844799
085717495997
085850681804
085707907057
085754663997
085875945325
085747976226
085881150867
085866658566
081548214204
085600694775
085863134544
085715301890
085624642300
081554081801
085824031693
085813698174
085763971274
081559585224
085659991989
085892475032
085717532675
085664224844
085713166376
081461221854
085763593257
085864425947
085778359203
085829038363
085812346469
085846330905
085801183585
085709784870
085715490180
085609748009
085693245832
085845673453
085881402554
081545685080
085874134017
085739067859
085600868507
085728819592
085758031772
085820193397
08567162537
085523877216
085867126356
085710673636
085817787549
085823872593
081411002551
085720261521
085712905296
085749528869
085891088824
085733444240
085827642021
081532107175
085812330445
085755598709
085717588316
085745689699
085641959483
085718644402
085882143954
081460813763
081529611530
085728710114
085781830462
085806968206
085855260520
085790687078
085800525512
085650891498
085706644525
085763971254
085732343562
085710707488
085846247546
085774915309
085804130858
085705848186
085643780933
085657305598
081525833238
085810347170
085752560428
085803239849
085856466875
085697971993
085835430613
081563831809
0856155122
085642166550
085824926711
085772326458
085743187675
085813746274
081524833698
085756826579
085607158215
085758843041
085755338199
085604745820
085880409232
085829446433
081527633126
085795069240
085821249959
085754478611
085797444309
085642336784
085746941816
085696742484
085692711796
085768296021
085777262584
085732067244
085883867787
085750126821
08561580753
085757184905
085859359428
085757104451
085849958695
085866032302
085717825614
085784325558
085745232560
085645640665
085655540489
085692291454
085624714921
085642082039
085785066727
085655829771
085788696142
085608493263
085601586500
085648803018
085659870647
085642428083
085860670728
085762801764
085879053269
08567971131
085769634700
085696690736
085608448765
085643668017
085800729778
081548163347
085769828974
081460381244
085735025247
085775388344
085702642556
085702656516
085863155991
085720482506
085701894339
085867388571
085726007768
085842829254
085761144926
085718739042
085669062359
085753716029
085651047867
085846826494
085697448129
085609682447
08156181325
085607094749
081400749854
085789452766
085794763776
085878541802
085712195650
085641715515
085658343974
085753502477
085723545018
085816378513
081646831963
081578800008
085811164693
085647245060
085706682301
085609719457
085731296956
085719189288
085697885758
085895450086
081410951261
085656354398
085726062172
081536069949
085864942786
085715452585
085601830413
085822941463
085701091238
085821684619
085769615086
085743343209
085712045776
085822339566
085809722839
085805103796
085863779788
085882008717
085866308306
085788944071
085694466519
085591494215
085783399692
085877826354
085591596921
085896283583
085784502411
085813363572
085700290470
085743794541
085846723149
085837098798
085710297588
085719302269
085649123768
085772209256
085810089468
085743260945
085695020519
085762508608
085748254712
085857384268
085783060974
085793603109
085832630129
085829252408
085717080442
085743009024
085864017377
085892217284
08152941355
085881933146
081584922504
085888504704
085760931841
08567225715
085863056800
085603954057
085603954057
085863617247
085812347314
085813537658
085705492007
085720764712
085704578508
085888636951
085832519607
081400793137
085787076875
085624888818
085792865368
085817251082
081565852322
085861433227
085722996744
085801002267
085737482639
085766793938
085842658209
081539496338
085648563108
085746983193
085752880357
085809600731
085879073999
085724219990
085705213568
081528985942
085761420235
085753048643
085842159086
085708629227
085861125433
085608826173
081559991763
085819036720
085716016382
081559991763
085640638644
085752426890
085817412518
085725415480
085647171244
085691942061
085647171244
085733143002
085728932164
085793580997
085892475032
085823350952
085643047034
085645603555
085645603666
085791971777
081553952936
085716352012
0816862679
085799998724
085867825951
085693045021
081586258851
085864860586
085693383966
081410161751
085817573356
081410161751
085810400518
085770085983
085716352012
085716352012
085861615175
085752983051
085601323935
085693445687
085718450704
08574129770
085643033966
085821028312
085894502130
085656842919
085656842919
085872109579
085652225201
0856313748
085868511492
085704630745
085849116406
085767107425
081563547016
085604934310
085780203864
085820519968
085820519968
085606804998
085748785133
085808359306
085730079227
085731517309
085780922604
085642216976
085606804998
085731517309
085733143002
085796423316
08575053384
085801591996
081461169981
081400818207
085737244206
085738644057
085856803596
085758407233
085892368648
085737256938
085606333397
085839275060
085695984156
081574974139
085652173035
085783645638
085722637090
081529788330
085821941952
085648028856
085880784202
085858617520
085829115644
08159922211
085536624782
085863072125
085600559098
0816603205
085726010368
085762385984
085815232032
085771099021
085730097396
085624179255
085755935515
085608951918
081545962122
085797457055
085889412906
085700284686
085692486056
085812307731
085772612806
085604118476
085860705974
085823340014
085808802845
085601134516
085847729120
085712239452
085692376911
085696104021
085860068150
085708889495
085815235132
085711559179
085809453405
085715389329
085869335655
085881410608
085725014894
085769308606
085762697346
085781593500
085706732699
085604402335
081517054113
085608825406
085707174868
085737145820
085847213806
085810274936
085649088263
085749571220
081532838724
085846619358
085872328627
085792758658
085859907469
081573028914
085719097044
085881579053
085791455788
085837314665
085893190562
085763824590
085772170055
085800114378
085814792260
085886269591
085819611461
085604911550
085800114378
085860853950
085787872318
085831735729
085717920334
085763038185
085739859869
081584743700
085609346415
085711239868
085642193970
085730575668
085700403742
085733440875
081617302313
085763349755
085715369724
085783100193
085778384666
085536648459
085817624203
085602473041
085727098145
085776685542
085714763810
081527879451
085847526813
085731746945
085757515722
085834276389
085776131196
081548953585
085606367430
085737341573
085704368837
085800182970
085750435770
085782558794
08563304359
085650864559
081615574349
085755215461
085855678059
085814233855
085591546801
081515184096
085814053316
085657391131
081515155587
08157150424
085669885538
085793564329
085892086532
085762568244
085784334416
085607500664
085824486430
085709329400
085738447752
085864256500
085669818714
08157150424
085640254259
085787919224
085854320438
085768322544
085716875703
085876308416
085805626418
085731057603
085791591229
085754432728
085809365164
08561469220
085890395317
085795646714
085704483588
085787614855
085797929481
085848198240
081584851084
085785205811
085693561927
085704483185
085792377340
085829466855
085707860864
085808458209
085814089951
085783893952
085824218984
081463869441
085743737322
085714411386
085756545044
085719561157
085791798724
085859501400
085742192878
085704366728
081646062286
085835149833
085870757608
085751631490
085731598118
085735846975
085787441797
085881775325
085695429554
085714695800
085652173035
085696684952
085754844187
085753130358
085777719831
085715425785
085748332186
085642184814
085724489004
085641092654
085717980748
085748901018
085707174485
085810054328
085810054328
085836956086
081545815033
085720767827
085866042261
085722031708
085757463224
085837117970
085866848387
085824823817
085756146537
085808802693
085812790176
085708744561
085754360149
085893104180
085817761921
085857612488
085817761921
085853491033
085751009036
085752400518
085792910612
085784041670
085842372174
085710381714
085715975635
085600273511
085895574941
085819733771
085732749681
085891062764
085591093760
085828905899
085648913769
085772073828
085711301937
085813133549
085817187351
085889470729
085866251238
085839254742
085702671776
085739257855
085740727139
085753250518
08568251363
085870640959
085752061706
085718775841
085754827375
085704483674
085875622457
085717347473
085718383254
085814484527
085871021694
085789449081
085647797632
085697282298
085740001425
085801050045
085858011858
085783818068
085697163612
081563349707
085884811130
085819367865
085742121027
085777893065
085884811130
085723139197
085719280237
085836885248
085751822912
085764883823
085780457470
085893199306
085741158581
085794324234
085606381589
085821900927
085706197824
085693279351
085702505747
085879332072
085768322544
085695439782
08567741999
085780887223
085725802819
085708328343
085807192161
085814554675
085795254493
085765243766
085810059709
085640389330
085702647385
085640546364
085771184494
085894185421
085771316436
081568268219
085800714413
085705182392
085743142747
085746768554
085829234996
085850356067
085604407461
085893652128
085809847020
085739904899
085792926170
085819495027
081807884223
085892262688
085839351161
085720559226
085719154019
085809794529
085876225524
085876225524
085600396211
08156028734
085830461631
085737046293
081585065364
085657218550
085750757454
085749571910
085800289295
085709520283
081543393265
085710449318
085723792848
085602122083
085777113866
085712352198
081615754485
085869571363
085760900991
085604740059
085601840759
085863290331
085823779316
085796209773
081529357848
085664381325
085747496049
085875454239
085697396881
085835227044
085715615969
085708987148
085693085155
085602290544
085857734348
085817624203
085645944560
081515164460
085641819882
085814637486
085730232708
085745029011
085520767040
085707023254
085886269591
085703562530
085707023283
085852078135
085736349882
085717640411
085765611329
085647127295
085792653533
085771709824
085733701583
081520465747
085817012544
081459156669
085607746855
085739756364
085739937953
085821286998
085720142506
085652209877
085738524756
085814710738
085717900063
081513780226
085606839563
085601006154
081515567523
085745847020
085858714619
085739205658
085804165406
085807403184
085805660400
085808491290
085856747748
085735375859
085737140825
085641697978
081543081421
085777727064
085786308660
085709476011
085774234586
085794528121
085714858658
085773898218
085774234586
085825291573
085607794525
085792950072
085749743455
085792728015
085835064063
085710652329
085764389846
085607177019
085887052420
085720767827
085828608596
085785832494
085758422401
081536254574
085608808475
085758092850
085829206681
085646603879
085717841589
085707303540
085792356568
085704005939
085800723896
085846570813
085834336552
085837268657
085607165682
085708074218
085808490914
085861300237
085643192334
085800136592
085711878503
085643900165
085659555641
085773363875
085804165909
081529521285
085773363875
085823506082
085810575133
085796876998
085707051017
085740757101
085740757101
085647305141
085691278077
085702715126
085646190925
085810632054
085709897719
085848440029
085863953173
085737393361
085802793406
085737660509
085608423212
085845571156
085835331523
085774813310
085757785084
085819332166
085722323581
085800339510
085828085540
085863414031
085792192387
081559740209
085746488504
085711385467
081532793478
085745458079
085600366920
085792815926
085750081942
085829220469
085755964624
085737178910
085704327906
081617150445
085878787933
085819338430
085648565608
085863154597
085836898649
085768231942
085842307707
085748048573
085777354917
085691195327
085600556444
085752951739
085704865348
085785412656
085536787026
085761934236
085858029338
085856369189
085706565908
085705410873
085722611936
081541140953
085800310671
08563226291
085836155770
085733953307
085755993020
081514559636
081514559636
085755294475
085609828089
08567303525
085847489017
085701719773
081573176269
085719013215
085604647828
085721695799
085784741525
081413538530
085713642485
085692875535
085785747159
085767402270
085777283840
085737254200
085591592861
085606804985
085693923434
085716078994
085882184506
085852157709
085723054325
085768070072
085701867020
085693527480
085647434583
085709171976
085624251969
085762287774
085736031457
085792077662
085725025473
085642367025
085756667576
085792630569
085648499403
085829257963
085791547275
085811543976
081524410491
085864348493
085731548625
085708089872
085799427119
085769416206
085787814783
085751453770
085722247595
081515677494
08563492498
08568753531
085829636765
085894987175
085850861811
085851259551
085799570166
085642645148
085856725682
085719013215
085856887211
085770447932
085730430454
085792915175
081585478969
085703016824
085606932960
085856723750
08563707832
085821718760
085792663013
085787072860
081463816764
085647291618
085823352496
085755813164
085856261700
085772048946
085757722169
085789416997
08164722253
085655856475
085797040433
085855912586
085797040433
085782485835
085855558151
085737144565
085602468917
081567647916
085707054582
085643928044
081523943414
085710323524
082151211770
085738610524
081529286117
085738883421
085739151455
085702231549
085692707112
085808744469
085837341159
085710095152
085893190243
085881817524
085881817542
085895177929
085714006494
085723479827
085723479827
085733143002
085702343670
085792810484
085639124452
085829424542
085761201831
085729864825
085793311957
085793311957
085729864825
085732857975
08152349241
085732857975
085711667058
081584291598
085559174486
085695357940
085748664064
085606749822
085763911278
085765534133
085649019903
085758426454
085781314024
085829437549
085763432036
085793888909
085855496440
085797187372
085814710738
085708148613
085695726055
085785873132
085862333691
085739446002
085857854572
085739085211
085606280150
085858617520
085708656920
085647125428
085810465100
085609336809
085782882906
085718542617
085811956783
085823598936
085778384666
085874119729
085847842711
085739563584
085735817414
085692379635
085783118414
085608700351
085761062439
085754844914
085716222007
085792813850
085881720581
085781744598
085646776705
085761495661
085881621637
085820110358
085641772614
085733545349
085825200506
085770267958
085591401364
085716015867
085753561944
085754123955
081617009343
085733383593
085624626745
085719085939
085608645974
085659547510
085719174649
0858800935565
085711424426
085772974563
085772974563
085733686819
085697582945
08568272055
081529260207
085891594992
085746128751
085694183695
085727390605
085814213080
085881406515
085843914409
081515936779
085777625771
085817382338
085602335856
085880632509
085880632509
085870263334
085692189924
085791312399
085891090214
085821041228
085646655251
085728490671
085778995792
08581450182
085659780212
085559129307
085792623048
085819586853
085609920847
085704327842
085648368903
085648368903
085863082760
085643158109
085691122907
085765675097
085640495185
08571882627
085831037023
085702301530
085878483247
085725043072
085683630635
085795823819
085812727988
085768259286
085711711074
085649791946
085809323075
085725038779
085752141939
085777387391
085790217365
085725251779
085655907653
085863516968
08573152397
085790386366
085771557159
085880960011
085737384052
085648447605
08553215076
085785317290
085832566964
085609709524
081553976590
085803131251
085664123257
085728962427
085739190933
08569017175
085755965299
08155635300
081559528458
085805306401
085837340208
085849421578
081553886812
085705725652
085837148714
085821318755
085855001287
085745562285
085649963599
085767670059
085784656978
081585634184
0815272523
081547155206
0857066663945
085545115722
085591161732
085712605914
085780624320
085640534712
085692666191
085798622761
085827657958
085705728305
085750839660
085722293005
085782738093
085863524696
081558150104
085880756233
085715075580
085692011167
085658309208
085717163212
085710696012
085603104836
081546534703
085786120949
085775128394
085798150168
085846020802
085814523305
085857680534
085786521619
085715472326
085813757996
085768626366
085731065772
085802771548
085591594025
085735782677
085763987126
085814562540
085643240217
085837271063
085719415502
085768113102
085715351431
085609236365
085822491022
085738142084
085545218610
085795164916
085796243402
081574840188
081461624986
085756426774
085757557628
085545261563
085603564462
085722504711
085849134819
085607264067
085821966469
085759863672
085782752491
085705572712
085701511055
085879539327
085716013158
081515913782
085714693097
085750693973
085797869726
085735191237
085705515961
08561018219
085709117847
08568050378
085771220821
085775426744
085591464109
085714989469
085640518376
085714961544
085658663763
081400821154
081524916533
08567269561
085863582508
085703846146
085809077332
085624241491
085696262665
085603473980
085603294840
085808584565
085702119711
085846171427
085624668432
085880156235
085848429392
085624501605
085659516124
085785570338
085876199489
081526099863
085789408423
085817901243
085751454920
085840115157
085669930886
081617162193
085863492064
085720075926
085743985611
085656374659
085707973548
085641569079
085729165258
085781128434
085783191525
085729573949
085795460359
085624696786
085842819622
085863307191
085845780326
081617944975
085669608759
085860635717
085785447546
085764630352
085702804761
085747829258
085881956970
081542481120
085756710065
085657373910
085600703937
085647312585
081524650198
085774363261
085871535348
081546065933
085602849508
085782271446
085861068557
085602876865
085863313911
085696364583
085863069828
085601750910
085717735433
081525809324
085793429607
085601949255
085754035375
081548780049
085775141167
085750127643
085880486025
085849075114
085817482902
085756818786
085783677296
081522557967
085825470642
085783055029
085692965747
085759292380
085775112018
085719020286
085696279324
085796181321
085773677720
081523875208
085794652306
085759192037
081400710248
085758256727
081541153197
085536618272
085692484513
085696256726
085861535835
085773090342
085709309321
085754349103
085847310542
085754063614
085710104213
081529280051
085845852605
085756260474
085847261732
085751418624
085782458035
085857825715
085860206143
085694180623
085600748739
085640053952
085814617340
08565053184
085848313381
085882537985
085835378270
081586531302
081573102545
085755021544
085754056694
085711701585
085830075034
085823478512
085814710862
085691870271
085861189741
085877126407
085778152693
085767568584
085839009891
085715429248
085837210585
081522880548
085705695935
085603952337
085735296122
085718501219
085754252530
085742144616
085891592061
081412129294
085718378605
085837251640
085717326425
085772034855
085692402709
085861356707
085719322353
085692678595
085825386375
085824471623
085591594025
085754312126
085718185510
0816238384
085793360306
085724628588
085717320736
085828236832
085757646513
085770907864
085750589370
085809058539
085750713617
085787248135
081529272854
085792462025
085720852953
081573884890
085719551671
085752715458
085725121858
085723348734
085805340283
08561618019
085642379251
085703730115
085783386361
085821618490
085753071391
085728907354
085716603203
085758166917
085654238563
085702649778
085793422157
085778828539
085750765969
085798588526
085794457977
085719415502
085726011667
085720448533
085624215983
085782156176
081548232831
085641352010
085642271821
085719396004
085609060240
085721364806
085540411349
081420523418
085852740466
085737197493
085739723881
085656305313
085602814980
085652336177
085719267815
085788407062
085845670615
085715316331
085810561284
085724629207
085624331137
085883912937
085839095350
085796413259
085523944730
085693559230
085624241553
081563872774
085792902548
085643526947
085891161815
085715351431
085703465387
085881722209
085768761705
085863666745
085731708970
085712245408
085798507630
085604627261
085798785029
085715203471
085641944576
085795391570
085624696786
085809077332
085825342315
085719415502
085771094092
085782433998
085691192129
085643240217
085752369582
085820909351
085691418864
081542635455
085609559707
085831638430
085711532620
085718496809
085888834344
085727446324
081401795820
085759268177
085602079634
085657210161
085723877016
08568015927
085713878070
085825334618
085829415207
085751526917
085721300315
085651362261
085828253065
085757558568
085720159725
085762164097
085894733765
085695381476
085738759087
085669276382
085713531582
081521719036
085793414265
085705898286
085603540507
085772085437
085849731606
085750243028
085798805585
085697400788
081540077901
085714693097
085750658452
085861535835
085810394591
085757005986
081617926705
085723851819
085758445874
085854389236
085719548046
085724727855
081632346404
081412234721
085767987193
085603157291
085863108956
085775426744
085693790293
085829078058
085764257329
085847654679
085703770384
085751654829
085700704434
081515362872
085720661109
085794587370
085846969770
085810897709
085797048404
085757068762
085797925046
085759968332
085664685485
085822631508
085711249493
081528404160
085774355330
085822061296
081420519560
085787467529
085723513206
085742202247
085692595075
085821756267
085797409417
085783882875
085847730336
085896236225
085849731588
081401657397
085741090222
085739230547
085715316331
085709387224
085771046629
085609236365
085713090464
085849729223
085624373529
085751454920
085771071180
085764536253
085828291914
085763430948
085862638674
085591095483
085797346773
085791897010
081585689411
085855063612
085714152064
085651933418
085694688348
085783882835
085783562862
085710390208
085787891474
085814209419
08155199265
085823962987
085783557044
085793464166
085822750705
085760229724
085702119711
085718947906
085750759146
085845549302
081521643475
085549024868
085606466018
085845018816
085604611614
085783557049
085601942623
085714887175
085787573974
085787078053
085768822486
085779191277
085864204401
081586531302
085880486025
081547140680
085871155519
085780022077
085883315785
085737639534
085643795796
085559708053
085718294751
085750525830
085769808851
085722551955
085835896774
085811456597
085861883098
085794568285
085722594407
085664973564
085731105302
081542051095
085820551923
085845408414
085865495784
085609713337
085750707964
085719393748
085715472326
081649318831
085793453061
085714678028
085811711215
085657210161
085764663882
085705759712
085536618272
085775032135
081524408894
085750693973
085796707407
085655756058
085591594025
085775112018
085691420537
085693449362
085715354286
085652173439
085715316331
085772605402
085779270925
085811278812
085705127773
085880474069
085830075034
085774768380
085779335720
085871019344
08568416805
081585751977
085864329490
085813826286
085796093262
085523944730
085718681665
085779270680
085817903186
085845924429
085750658452
085849134819
085880156235
085754339811
085784580363
085766977836
085868100748
085603952337
085878279510
085641683658
085697312543
085640470323
085725257208
085718131985
085797342188
085718917925
085778580017
085715502791
085769558943
085768862252
085651362447
085788407062
085823642091
085819031104
085720492559
085787824037
085860309353
085640322561
085697775524
085609047574
081522796671
085756226486
085559702160
081543249428
08565053184
085753253599
081541538186
085760359074
085727446324
085693254817
081649459699
085600746258
085701511055
085545166078
085817405571
085717499246
085774363261
085822209463
085832660644
085600675835
085823129024
08569995521
085779270684
085770376053
085794568285
085750788239
085849975545
085715361278
081573264440
085772085437
085877433838
085664235740
085825334618
085789256664
085769582474
085693294332
085524539289
085754056694
085794513373
085669261730
085692325350
085715855254
085720749971
085609332877
085714152064
085609236365
085863247515
085775014430
085798653908
085813829071
085520982052
085894099688
085709373134
085821103598
085764536253
085861274795
085788594344
085766723198
085796557665
085835569536
085718645218
085828423431
085720002011
085750467798
085694688348
085846969770
085606172447
085789667674
085830075034
085601893673
085800240578
085642268535
085752369582
085648502081
085600748739
085709163731
085787610686
081575293485
085811520598
085835896774
085763389888
085753074853
085754063617
085756712741
085827623497
085798623891
085771220821
081521719036
085750765969
085750693973
085651362447
085728463270
085838125002
085647145487
081542802736
085758159363
085711158011
085847714706
085714572166
085736660804
085722269495
085520959979
085715316331
085845588060
085724711156
085724113677
085880825214
085852520266
085754111973
085775041230
085729271984
085789700294
085787424628
085715316331
081546065933
085828554911
085835436197
085828198894
085746381493
085751399601
085750788239
085814143518
081617998919
085726014459
085720908305
085787610686
085656616140
085720412421
085805415787
085716040786
085881750411
085750792740
085813583749
085718623192
085751684512
085787191980
085815695715
085772952926
085656653770
085746143843
085846969770
085717499246
085828360312
085775129517
085657192838
085881525942
085845542710
085701806875
085779016173
085723136467
081400335124
085752518540
081521590523
085642342037
085824142571
085796557665
085710390208
085783590796
085716430115
081549177034
085757754366
085779270680
085724585385
085773711935
081585675419
085849078227
085652159701
085820140322
085890665188
085716364185
085624397146
085778818582
085703594388
085752816396
085789694968
085753531285
085892056933
085881722209
085789548521
085809804210
085845924429
085869485347
085854375638
085706698493
08152516204
085751470748
085821873604
085824714633
085600762603
085809196386
085780011284
085600748739
085874177022
081515111548
085624126816
085651470408
085779271190
085773369568
085754621942
085835807692
085830406070
085849419753
085752010763
085875606035
085811934698
085820535358
085711614655
085729602734
085769364541
085752467499
085624839742
085731105302
081528925874
08563729014
085758245048
085794587370
085763801291
085773190934
085787646057
085724712410
085606185945
085668739972
085760025347
085762177750
085750713704
085862947256
085805646084
085891054762
085609047574
085778895956
085696138451
081523927936
085810730593
085799809266
085770241113
085817903186
085604493380
085600675835
085720763352
085823764532
085750589370
085817049251
085755130933
085750307204
081572174273
085716575587
085881956814
085609031626
085794307365
085822848265
085773251649
08152137934
085891307382
085821839590
081545668596
085813880575
085848928088
085716430115
085658053175
085880825214
085759882703
085737246778
085591550206
085801667216
081585659174
085656970944
085718294751
081546065933
085752907041
085840735534
085875427743
085764923652
085828950406
085788124607
085842601745
085607615049
085792107668
085758829210
085752135827
085791459868
085705390547
085835896774
085822640946
085864842770
085788407062
085823338290
085696275797
085771107156
085696471726
085705918061
085783623628
085697400788
085700949689
085642505862
085768587951
085668901724
081536865772
085827623497
085814091638
085754056694
085863682994
085810562759
085796707407
085796700617
085754061344
085654844487
085789399999
085752263401
085788567310
085822924366
085776543960
085764536253
085820190557
085805926870
085545166014
085845577324
085771064936
081528643188
085715661012
085880980495
085753712092
085695561623
085852034274
085726001739
085850398307
085771585551
081586539268
085648523510
08566686468
085835604826
085787858368
085805638911
085771557890
085766961683
085809345573
085788736516
085730960817
085655929996
085783720417
085888742091
081558109399
085651344862
085765802583
081511365661
085707402405
085647218769
085882210248
085726712582
085805569790
085743180849
085775228904
081617942826
085821748161
085603517247
085762758265
085789698281
081573498155
085850398307
085751401692
085836714087
08152329291
085706103869
085726195752
085849297087
085669847258
085783028195
081572092680
085846524831
085871314806
085520922310
085800802083
085849735328
085882964375
085768234082
085798077368
085849349235
085702249368
085831530205
085829011028
085787440339
085715900205
085762103626
085726824161
085795344283
085784811228
085814499115
085658077313
085862335506
085654063625
085702243142
085878525879
085654063625
085602636185
085775228904
08154061102
085805569790
08561335277
085862335506
085624040053
085860721161
085746735289
085871352954
085775188708
085720261072
085600833099
085775210087
085804288958
085789763199
085778395640
085849739541
085600833099
085775228904
085720927659
085813975343
085708749692
085858262271
085723686680
085694974340
085750910656
085753685575
085882537985
085761907821
085787062328
085872392550
085753789962
085890267983
085726015962
085840735534
085723700351
081547209805
085656101190
085837071783
085624633859
085798116268
085893325768
085789708640
085880183303
085693633128
085817261232
085601657595
085782334151
085813826631